    1.0000    1.0000    1.0000    1.0000    1.0000    1.0000    1.0000    1.0000    1.0000    1.0000    1.0000    1.0000    1.0000    1.0000    1.0000    1.0000    1.0000    1.0000    1.0000    1.0000    1.0000
    1.0000    1.0000    1.0000    1.0000    1.0000    1.0000    1.0000    1.0000    1.0000    1.0000    1.0000    1.0000    1.0000    1.0000    1.0000    1.0000    1.0000    1.0000    1.0000    1.0000    1.0000
    1.0000    1.0000    1.0000    1.0000    1.0000    1.0000    1.0000    1.0000    1.0000    1.0000    1.0000    1.0000    1.0000    1.0000    1.0000    1.0000    1.0000    1.0000    1.0000    1.0000    1.0000
    1.0000    1.0000    1.0000    1.0000    1.0000    1.0000    1.0000    1.0000    1.0000    1.0000    1.0000    1.0000    1.0000    1.0000    1.0000    1.0000    1.0000    1.0000    1.0000    1.0000    1.0000
    1.0000    1.0000    1.0000    1.0000    1.0000    1.0000    1.0000    1.0000    1.0000    1.0000    1.0000    1.0000    1.0000    1.0000    1.0000    1.0000    1.0000    1.0000    1.0000    1.0000    1.0000
    1.0000    1.0000    1.0000    1.0000    1.0000    1.0000    1.0001    1.0003    1.0008    1.0015    1.0023    1.0031    1.0036    1.0038    1.0036    1.0031    1.0023    1.0015    1.0009    1.0005    1.0000
    1.0000    1.0000    1.0000    1.0000    1.0000    1.0001    1.0006    1.0022    1.0055    1.0103    1.0158    1.0209    1.0245    1.0256    1.0240    1.0200    1.0149    1.0098    1.0058    1.0031    1.0000
    1.0000    1.0000    1.0000    1.0000    1.0000    1.0003    1.0022    1.0080    1.0195    1.0360    1.0548    1.0718    1.0833    1.0864    1.0800    1.0661    1.0484    1.0316    1.0183    1.0095    1.0000
    1.0000    1.0000    1.0000    1.0000    1.0000    1.0008    1.0055    1.0195    1.0466    1.0852    1.1282    1.1665    1.1915    1.1969    1.1807    1.1474    1.1068    1.0687    1.0393    1.0200    1.0000
    1.0000    1.0000    1.0000    1.0000    1.0000    1.0015    1.0103    1.0360    1.0852    1.1542    1.2298    1.2959    1.3377    1.3444    1.3132    1.2530    1.1811    1.1150    1.0649    1.0326    1.0000
    1.0000    1.0000    1.0000    1.0000    1.0000    1.0023    1.0158    1.0548    1.1282    1.2298    1.3397    1.4342    1.4922    1.4984    1.4496    1.3599    1.2551    1.1602    1.0893    1.0444    1.0000
    1.0000    1.0000    1.0000    1.0000    1.0000    1.0031    1.0209    1.0718    1.1665    1.2959    1.4342    1.5516    1.6216    1.6255    1.5604    1.4450    1.3126    1.1944    1.1073    1.0528    1.0000
    1.0000    1.0000    1.0000    1.0000    1.0000    1.0036    1.0245    1.0833    1.1915    1.3377    1.4922    1.6216    1.6967    1.6969    1.6203    1.4889    1.3406    1.2098    1.1147    1.0559    1.0000
    1.0000    1.0000    1.0000    1.0000    1.0000    1.0038    1.0256    1.0864    1.1969    1.3444    1.4984    1.6255    1.6969    1.6929    1.6123    1.4787    1.3304    1.2015    1.1089    1.0524    1.0000
    1.0000    1.0000    1.0000    1.0000    1.0000    1.0036    1.0240    1.0800    1.1807    1.3132    1.4496    1.5604    1.6203    1.6123    1.5367    1.4155    1.2837    1.1710    1.0912    1.0433    1.0000
    1.0000    1.0000    1.0000    1.0000    1.0000    1.0031    1.0200    1.0661    1.1474    1.2530    1.3599    1.4450    1.4889    1.4787    1.4155    1.3182    1.2145    1.1274    1.0670    1.0313    1.0000
    1.0000    1.0000    1.0000    1.0000    1.0000    1.0023    1.0149    1.0484    1.1068    1.1811    1.2551    1.3126    1.3406    1.3304    1.2837    1.2145    1.1425    1.0833    1.0430    1.0197    1.0000
    1.0000    1.0000    1.0000    1.0000    1.0000    1.0015    1.0098    1.0316    1.0687    1.1150    1.1602    1.1944    1.2098    1.2015    1.1710    1.1274    1.0833    1.0478    1.0242    1.0109    1.0000
    1.0000    1.0000    1.0000    1.0000    1.0000    1.0009    1.0058    1.0183    1.0393    1.0649    1.0893    1.1073    1.1147    1.1089    1.0912    1.0670    1.0430    1.0242    1.0120    1.0053    1.0000
    1.0000    1.0000    1.0000    1.0000    1.0000    1.0005    1.0031    1.0095    1.0200    1.0326    1.0444    1.0528    1.0559    1.0524    1.0433    1.0313    1.0197    1.0109    1.0053    1.0023    1.0000
    1.0000    1.0000    1.0000    1.0000    1.0000    1.0000    1.0000    1.0000    1.0000    1.0000    1.0000    1.0000    1.0000    1.0000    1.0000    1.0000    1.0000    1.0000    1.0000    1.0000    1.0000
